Input vector: 0 8 2 1 8 2 14 19 19 4 2 4 12 19 8 18 21 6 19 21 5 5 18 0 16 5 19 2 1 20 22 18 15 13 4 18 7 4 18 11 0 17 9 8 2 15 2 4 17 18 1 10 2 4 20 8 8 0 6 6 8 2 4 3 
Performance: 957.937
Recovery: 0.963678
Grade: 0.998018
