Input vector: 0 3 39 1 33 15 25 26 26 7 26 17 17 15 22 43 18 22 21 26 26 2 26 29 39 18 22 4 3 3 33 17 15 24 33 30 37 7 10 40 15 22 38 26 26 16 9 33 23 26 26 6 26 3 29 17 7 23 39 22 35 33 23 41 18 22 36 9 18 30 9 18 40 9 10 22 9 33 34 42 3 14 33 37 36 18 23 31 26 3 32 7 40 5 18 23 20 6 39 30 3 10 10 33 24 12 18 22 27 32 41 8 15 40 13 18 22 19 3 24 24 9 23 28 15 39 11 
Performance: 914.768
Recovery: 0.920282
Grade: 0.999202
