Input vector: 10 11 11 16 16 10 14 17 17 11 10 11 20 2 2 10 11 11 19 4 11 7 10 4 3 16 10 1 4 11 18 11 2 0 2 2 4 21 21 17 9 10 15 19 10 13 18 0 22 4 11 5 12 21 2 4 11 6 4 11 9 10 4 8 
Performance: 989.352
Recovery: 0.990036
Grade: 0.999908
