Input vector: 19 15 7 28 14 40 34 25 29 1 16 18 15 14 23 0 17 4 9 16 18 14 18 14 25 17 13 2 3 0 22 15 23 29 23 21 37 7 32 27 14 14 32 18 17 17 16 18 6 26 26 36 18 15 23 26 36 15 3 23 4 19 32 41 23 31 8 23 40 21 3 6 7 6 10 13 15 14 33 42 16 16 33 39 20 6 23 10 15 7 31 17 19 5 23 33 40 17 19 30 3 17 28 7 9 12 42 26 26 35 18 3 19 21 38 28 1 43 14 23 24 14 4 39 25 22 11 
Performance: 958.575
Recovery: 0.963738
Grade: 0.999286
