Input vector: 0 8 12 10 9 2 18 8 6 0 21 5 8 8 12 17 21 3 3 3 8 12 9 12 14 5 3 9 3 8 6 8 12 4 6 4 19 8 9 2 8 12 7 9 2 20 6 10 11 9 0 15 8 2 13 9 0 16 6 13 22 9 12 1 
Performance: 785.549
Recovery: 0.805408
Grade: 0.991848
